[ 306863.0000000, 3938878.0000000 ],
[ 306863.0000000, 3939037.0000000 ],
[ 307022.0000000, 3938878.0000000 ],
[ 307022.0000000, 3939037.0000000 ],
[ 307181.0000000, 3938878.0000000 ],
[ 307181.0000000, 3939037.0000000 ],
[ 307340.0000000, 3938878.0000000 ],
[ 307340.0000000, 3939037.0000000 ],
[ 307499.0000000, 3938878.0000000 ],
[ 307499.0000000, 3939037.0000000 ],
[ 307658.0000000, 3938878.0000000 ],
[ 307658.0000000, 3939037.0000000 ],
[ 307817.0000000, 3938878.0000000 ],
[ 307817.0000000, 3939037.0000000 ],
[ 307976.0000000, 3938878.0000000 ],
[ 307976.0000000, 3939037.0000000 ],
[ 308135.0000000, 3938878.0000000 ],
[ 308135.0000000, 3939037.0000000 ],
[ 308294.0000000, 3938878.0000000 ],
[ 308294.0000000, 3939037.0000000 ] 
